1342775802
873570702
1460183115
298279238
2092701547
561667546
485172667
1499084658
784237405
2025232672
739817957
877162623
1663054578
399212357
699729102
353176201
1678261028
1596371290
1199806724
691828444
1566646627
239261196
1948628596
1768043061
595132607
1227090882
1958481042
1419970080
1321559140
1748768110
1367952027
1498111165
1505507407
281484961
2042874117
79337075
518770353
1125640451
425326429
331228894
796811121
1506486575
363472329
36849449
1225212710
277369547
613040445
1771329503
895338744
1324024535
329910755
10371751
1129690373
1352549098
2102599667
140874170
1356582106
1832878385
1640370981
1274972311
1787572132
1477084454
930098777
487850422
931889534
2024931797
1623749979
141801970
1517025078
1609689868
770099717
1808846203
375423548
1161133692
1892268671
1745190535
338191159
851388992
177812614
1345647181
1031745227
2042719569
1829145291
1963570574
948847385
337807264
1510696039
623191107
1303017345
1800150513
1381267766
155004737
1715312691
1684138188
1995818850
683726891
1747808684
661504944
1797926597
2052412798
