1342775802
873570702
1460183115
298279238
2092701547
561667546
485172667
1499084658
784237405
2025232672
739817957
877162623
1663054578
399212357
699729102
353176201
1678261028
1596371290
1199806724
691828444
1566646627
239261196
1948628596
1768043061
595132607
1227090882
1958481042
1419970080
1321559140
1748768110
1367952027
1498111165
1505507407
281484961
2042874117
79337075
518770353
1125640451
425326429
331228894
796811121
1506486575
363472329
36849449
1225212710
277369547
613040445
1771329503
895338744
1324024535
329910755
10371751
1129690373
1352549098
2102599667
140874170
1356582106
1832878385
1640370981
1274972311
1787572132
1477084454
930098777
487850422
931889534
2024931797
1623749979
141801970
1517025078
1609689868
770099717
1808846203
375423548
1161133692
1892268671
1745190535
338191159
851388992
177812614
1345647181
1031745227
2042719569
1829145291
1963570574
948847385
337807264
1510696039
623191107
1303017345
1800150513
1381267766
155004737
1715312691
1684138188
1995818850
683726891
1747808684
661504944
1797926597
2052412798
1077807486
1431839179
1713727312
978932252
487744860
255438613
755693476
688877929
691425480
634852037
490129777
1421826849
807393398
1755238107
1304004855
1367903579
657005376
1182352879
1518750402
1174499603
1733825353
1141943464
170723560
22560074
944902380
1429581015
1728522970
1746184031
1143498144
1749587148
1679624479
1937575007
1148801528
430641379
693390103
1331492396
1763954725
1609248336
2142178408
521605758
1983344961
1826025903
128064871
608701175
929050999
1309127632
587177142
576107694
83013456
1416242794
86165773
2001493095
588876856
2050992518
1237474525
1538210347
778125491
688958092
456916348
1039477539
145771586
566509477
1126476709
1635718126
686601684
1544637073
1514029801
1377717967
739517089
1907106239
1141905304
1007542021
2128845260
1345700927
54093856
1419108682
178772205
1209473640
147922570
51047180
725400785
296834850
1363041031
490651372
6178259
1757909539
1322848642
1932874412
272882524
1495764205
1281347273
362278982
307909058
1981731764
99273381
859719742
642180136
1862073514
83487957
1645813499
1028514423
708362862
1003771698
1840791190
1456821008
1413567399
1715666386
1485522446
1494467343
1528760357
1398158715
583293272
2016635889
1293678604
1762600649
754711581
342791647
1710284186
1812624218
258865978
177172800
785502223
1772101483
1096013222
1506119024
783126874
2093177619
501436734
1758540311
2108801583
1559204606
902161694
122422155
100807410
1483293827
1223013128
611381837
139236384
936827907
1025573805
909473601
733394890
1190657674
461172821
499734647
1782278640
1772189768
727223138
1389646810
1498378726
2097786565
897799454
1690071411
1574027144
235130584
412279482
898298039
113554089
1210705837
1748660962
765607858
2130757681
1715651488
832265468
1031960541
1565050110
1967029342
1131163759
529161750
941904850
661199706
200056809
1919031633
1998544639
374784561
915674068
1001936587
770910263
537545440
2018430125
419003058
1894185638
839872478
261021523
1818993970
1843691371
715255068
1596525253
1172430770
975809771
1230234176
114964121
1034541263
1445312918
325588679
307553345
56487755
2010398752
1862929011
1977773448
575533305
477114943
1711536442
1895958832
1959455247
752602400
762478999
1777630772
1627599062
948777234
1967424785
387920348
1140265745
535917708
208492700
632271366
504316751
1461219660
948116879
2080784225
741583587
1546813402
770810459
750354903
1144249804
701764704
993517179
423840624
772052996
1043995998
281329035
369124605
1705056916
1752114570
2078966025
610315568
172533700
642674597
1044591428
544688539
1026606312
1298892212
1846148510
6630699
309373515
29900151
1947532130
1332448290
1147642452
994008140
636022270
2017758161
261617906
327039227
506341240
1934442652
347984361
206826673
1411434206
2115922822
2028082022
427408540
103157136
757077491
804159721
431360330
451182405
380850591
154482223
837477111
1293888273
1352559208
2147333461
1863582615
372561614
1558004219
342090322
1297645758
1526722257
1800419435
1574277726
1056396500
249432649
1980701017
1612616213
355466140
1634344144
1339385481
1840409982
1772830325
963640766
286604680
1253340497
10010413
157136393
1588428411
1731316194
2101604528
1617246593
1504927094
1290101653
1641786778
677897199
1429570919
853999005
920216524
938758644
992375744
1077057477
1214115366
285379565
1866638061
1874538050
940628328
1742376285
1406780851
1968266631
144059501
964758639
1589223684
2104889959
2036247479
1477238871
749441418
1400829066
870011937
1156899514
1150754308
836551783
363147784
2094096667
667430498
134046591
268875256
1994357866
109795117
1017350114
1309414978
1744556984
1351127871
1829276950
703607110
1939264064
2117795139
393935058
863879455
1930720069
1958782065
1194359712
1225908713
57995940
995819420
1120139324
1832306980
372393148
377826873
2033033747
1621581482
630433080
1974342592
1011078149
1617093586
127560995
1103337725
1835384865
2016837591
166814540
494983488
177617169
847886437
979311127
874599090
2062220013
756635812
1601176806
59042086
55448030
1217031317
244949471
248797433
1407820883
185945851
1883652353
1026678764
226719521
1036064193
1057720603
758052507
1971161298
2084129441
1729932087
1067587330
2020255169
856961486
1916073320
704036661
1279869699
1585779665
1783752824
597407879
387300523
1088256881
567355256
56348287
761739188
484303514
125158747
803026542
1408741349
1563144089
1156413107
1785370850
1870592298
232131478
388717427
1034049503
19052185
373629363
561103002
824150990
2051175359
43624984
981732030
307964502
1927523052
522244761
504718251
1126289850
1337995070
454144541
319207260
2144731059
1827577161
1464334696
133423922
868207654
471340660
488152556
2096389017
156081782
123543374
1372946952
557523927
645173308
1108626467
1042313027
2082153094
818517788
1731423009
128989480
1154887195
330990804
1714961975
1816254199
2034224349
1650127261
1424443555
824553004
1723489926
454213229
1397386614
517733027
2029966254
284844003
768981530
1623967972
271069810
1690901135
1688771676
208144734
1244759748
302495309
1048786479
1283868862
1621163981
128350049
571621892
1486615546
174807023
1244939021
798623764
521643230
2008050077
997028636
676156148
1446048699
416897855
827549622
1174198144
1479396915
415964503
1765362915
2114739654
743278435
1859138966
141613862
605921444
2122450384
83652303
607632933
1345056560
1103193588
1841879798
1016238019
786890311
868739887
1458982264
531635380
785052226
1333548758
1140602860
1410507125
1724091941
1764975149
286804531
570682134
1488147931
1346169337
588012957
549488751
153421762
1526875947
1588278353
505688158
580956544
1074177182
631956379
1770083782
968502532
1328470546
824355764
213618712
1144760992
1858165744
1213839283
1957951413
955359058
1562695034
583982729
1015546784
239725654
1744368562
1228741788
2027308233
677376156
1239567834
1915169703
780181075
88890783
724611037
1156307062
1901469745
230854068
2098495883
1241046743
2090398257
1839666774
1664110672
904450062
1993553202
244246205
1304765777
1462785130
964661654
1277607090
1033780770
1892124575
1546740113
71042492
884874261
460710244
1455990932
1759208771
1914255441
1456660159
696469772
61527564
1984952161
2020039813
1637575147
334171054
1088495553
1288986805
558326972
101152925
258772413
902850424
532664709
1227552235
1094755257
757430999
2131875924
650257806
59945708
1159401271
1386632275
418646665
1040075622
598760772
374557036
346750610
1528248398
1519559990
429722240
857270027
424058355
1058339714
2120259743
929792080
2038882670
961204069
1653894286
1925761802
727125411
719583090
1157842660
1616252918
562876397
588202605
465282709
1278297100
194893157
1033303307
1235614779
831741483
610095767
130587541
754531516
3008693
2040244788
1097694041
1289785169
103724286
352014121
2108508446
1838791530
4817869
1265236689
2016554380
1245556835
1006175128
510916860
1659315054
316456443
746243191
1323369555
97488686
823948887
677509324
2102515291
912442903
2117908874
1166977108
205378950
1154663022
556019903
1338235899
1778046137
1264179163
1521016527
791851569
1846583270
2022415485
41216624
246910310
91177058
872248478
1119014445
909097899
1385430969
454590185
719596193
168563393
1839578221
1958427430
453571983
1736075144
1748026425
1487448632
2093448873
731033785
1670865269
1343577975
957774248
811933235
309289869
2146862938
1493217557
2058070279
604064570
604262080
1670221803
170757319
89785312
325139087
2768032
1242153430
469567780
1526436445
1673143982
1698350921
669084866
1495895882
1686897469
696208659
1237878553
485604961
168670887
1844581600
1871753780
1068377705
1424425957
590616661
1735842687
1868664674
250280991
1918247427
1884087226
1865572400
1853704956
1825069725
1827011240
548382240
1163200043
1615399825
1739168189
194408807
1811991304
1829615998
693206437
488585676
192207231
145185676
344420194
418614103
486024755
54211110
640464354
1904306019
1375414230
1457946193
908905684
1957685977
686168924
1735725882
336039210
1899155068
1352954769
944176567
1296042040
739428321
2140373225
360116118
543291762
392098659
817010178
2126492564
614752059
601819702
1766561731
540563714
2030153445
1643708568
1374422153
1001144525
24649035
1097842488
1024673544
707158331
1260235658
551736301
490857971
321285954
441297160
2115460237
832602589
582163191
1672629034
778497255
1705304070
1506639860
1865384564
1615803525
962918380
1322580160
1358095277
1043650570
1310375773
1854091434
1953411330
1628129959
1171810366
1726638115
676715068
1362394161
1445144511
16580839
1272325198
878978053
2125307364
1316499467
408459055
1982134509
1880517447
1626086898
1997795755
616054633
1457482020
491601687
2010285883
1925774773
137194420
1232637127
16784941
776555603
2002711453
542200553
677626457
782629166
1236924208
1909327851
313818548
1987878914
1352305033
1412581006
835150077
1443979994
728899764
2129485297
144866555
2026521819
1957961066
1864606603
990991916
1710839967
214292041
788197236
1334642394
945886276
1288081736
1326260472
522313188
423010764
770244907
2143766540
669068706
1030238937
586534538
2131849328
1081652586
239659943
434368628
624051785
1485142811
3713107
968927695
336817401
1528384547
1385741674
2074146793
903281593
1075082561
1551898678
1182903604
174262971
1892582541
1277988168
962048050
371242447
570077662
46334434
1668478115
1650684296
43748857
1961030708
794114302
1840464319
610949396
282375801
15948773
1974580244
2123962599
1748873442
1428511243
1731302844
1597188648
12120018
351148296
2039888950
14285708
1151351126
210632277
1612658052
974938440
492049104
873029638
1602791677
1615547136
428593391
576967798
